210001,金驱箓,暂无,Normal_atk,1,1,0,0,0,1,50,0,0,0,30
210001,金驱箓,暂无,Normal_atk,2,0.85,0,0,0,1,50,0,0,0,30
210001,金驱箓,暂无,Normal_atk,3,0.85,0,0,0,1,100,0,0,0,30
210001,金驱箓,暂无,Normal_atk,4,0.85,0,0,0,2,100,0,0,0,30
210001,金驱箓,暂无,Normal_atk,5,0.6,0,0,0,2,100,0,0,0,30
210001,金驱箓,暂无,Normal_atk,6,0.6,0,0,0,2,150,0,0,0,30
210001,金驱箓,暂无,Normal_atk,7,0.4,0,0,0,2,150,0,0,0,30
210001,金驱箓,暂无,Normal_atk,8,0.4,0,0,0,2,200,0,0,0,30
210001,金驱箓,暂无,Normal_atk,9,0.4,0,0,0,3,200,0,0,0,30
220001,桃木剑环,暂无,Passive_atk,1,10,0,0,5,1,100,0,0,0,0
220001,桃木剑环,暂无,Passive_atk,2,10,0,0,5,2,100,0,0,0,0
220001,桃木剑环,暂无,Passive_atk,3,10,0,0,5,2,100,5,0,0,50
220001,桃木剑环,暂无,Passive_atk,4,10,0,0,5.5,2,200,5,0,0,50
220001,桃木剑环,暂无,Passive_atk,5,10,0,0,5.5,3,200,5,0,0,50
220001,桃木剑环,暂无,Passive_atk,6,10,0,0,5.5,3,200,10,0,0,100
220001,桃木剑环,暂无,Passive_atk,7,10,0,0,6,3,300,10,0,0,100
220001,桃木剑环,暂无,Passive_atk,8,10,0,0,6,4,300,10,0,0,100
220001,桃木剑环,暂无,Passive_atk,9,10,0,0,6,4,300,15,0,0,150
220002,离火弹花,暂无,Passive_atk,1,5,0,0,0,1,200,5,0,0,0
220002,离火弹花,暂无,Passive_atk,2,5,0,0,0,2,200,5,0,0,0
220002,离火弹花,暂无,Passive_atk,3,5,0,0,0,2,400,5,0,0,0
220002,离火弹花,暂无,Passive_atk,4,5,0,0,0,2,400,10,5,10,0
220002,离火弹花,暂无,Passive_atk,5,5,0,0,0,3,400,10,5,10,0
220002,离火弹花,暂无,Passive_atk,6,5,0,0,0,3,600,10,5,10,0
220002,离火弹花,暂无,Passive_atk,7,5,0,0,0,3,600,15,10,20,0
220002,离火弹花,暂无,Passive_atk,8,5,0,0,0,4,600,15,10,20,0
220002,离火弹花,暂无,Passive_atk,9,5,0,0,0,4,800,15,10,20,0
220003,太阴玄水,暂无,Passive_atk,1,6,0,0,0,1,10,0,0,0,0
220003,太阴玄水,暂无,Passive_atk,2,5,0,0,0,1,10,0,0,0,0
220003,太阴玄水,暂无,Passive_atk,3,5,0,0,0,2,10,0,0,0,0
220003,太阴玄水,暂无,Passive_atk,4,5,0,0,0,2,10,0,0,1,0
220003,太阴玄水,暂无,Passive_atk,5,4,0,0,0,2,10,0,0,1,0
220003,太阴玄水,暂无,Passive_atk,6,4,0,0,0,3,10,0,0,1,0
220003,太阴玄水,暂无,Passive_atk,7,4,0,0,0,3,10,0,0,2,0
220003,太阴玄水,暂无,Passive_atk,8,3,0,0,0,3,10,0,0,2,0
220003,太阴玄水,暂无,Passive_atk,9,3,0,0,0,4,10,0,0,2,0